%YAML:1.0
---
cameraMatrix: !!opencv-matrix
   rows: 3
   cols: 3
   dt: d
   data: [ 5.8733848086718649e+02, 0., 3.1958557811001862e+02, 0.,
       5.9003487245051019e+02, 2.5208354232328278e+02, 0., 0., 1. ]
distortionCoefficients: !!opencv-matrix
   rows: 5
   cols: 1
   dt: d
   data: [ -2.3919607909310352e-02, 2.1865652933131471e-01,
       -9.4928349945265522e-04, -2.7179591362322588e-03,
       -7.9003961487210550e-01 ]
...
---
object2:
   cameraMatrix: !!opencv-matrix
      rows: 3
      cols: 3
      dt: d
      data: [ 4.2572842987354068e+02, 0., 4.5708997531416128e+02, 0.,
          3.9685338407824167e+02, 1.8488156461850303e+02, 0., 0., 1. ]
   distortionCoefficients: !!opencv-matrix
      rows: 1
      cols: 5
      dt: d
      data: [ 7.2730305258302430e-02, 2.0795475504205635e-03,
          -2.8648207684429876e-02, 4.3242164867483036e-02,
          -6.6448192085975322e-03 ]
